adjacent matrix is: [[0, 1, 1, 0, 0], [1, 0, 0, 1, 0], [1, 0, 0, 0, 1], [0, 1, 0, 0, 0], [0, 0, 1, 0, 0]]
parent matrix is: [[0, 0, 0, 0, 0], [1, 0, 0, 0, 0], [1, 0, 0, 0, 0], [0, 1, 0, 0, 0], [0, 0, 1, 0, 0]]
the degree of am is: [2, 2, 2, 1, 1]
the degree of pm is: [0, 1, 1, 1, 1]

Laplacian matrix is: 
[1, -0.5, -0.5, 0, 0]
[-0.5, 1, 0, -0.7071067811865475, 0]
[-0.5, 0, 1, 0, -0.7071067811865475]
[0, -0.7071067811865475, 0, 1, 0]
[0, 0, -0.7071067811865475, 0, 1]

Laplacian eigenvalue and eigenvector of am is: 
	-1.6421817187414307e-17: array([-0.5       ,  0.        ,  0.70710678,  0.        , -0.5       ])
	0.29289321881345259: array([ -5.00000000e-01,  -5.00000000e-01,  -5.00764047e-17,
         5.00000000e-01,   5.00000000e-01])
	1.0: array([ -5.00000000e-01,   5.00000000e-01,  -5.00764047e-17,
        -5.00000000e-01,   5.00000000e-01])
	1.7071067811865475: array([-0.35355339, -0.5       , -0.5       , -0.5       , -0.35355339])
	2.0: array([-0.35355339,  0.5       , -0.5       ,  0.5       , -0.35355339])

	matrix for tree is: 
[1, 0, 0, 0]
[0, 1, 0, 0]
[-1, 0, 1, 0]
[0, -1, 0, 1]

The number of spanning tree of pm is: 1.0

----------------------------------------------------------------------
Adding edge 4->5
adjacent matrix is: [[0, 1, 1, 0, 0], [1, 0, 0, 1, 0], [1, 0, 0, 0, 1], [0, 1, 0, 0, 1], [0, 0, 1, 1, 0]]
parent matrix is: [[0, 0, 0, 0, 0], [1, 0, 0, 0, 0], [1, 0, 0, 0, 0], [0, 1, 0, 0, 1], [0, 0, 1, 0, 0]]

Laplacian eigenvalue and eigenvector of am is: 

Laplacian matrix is: 
[1, -0.5, -0.5, 0, 0]
[-0.5, 1, 0, -0.5, 0]
[-0.5, 0, 1, 0, -0.5]
[0, -0.5, 0, 1, -0.5]
[0, 0, -0.5, -0.5, 1]
	6.9943483783707324e-18: array([-0.4472136 ,  0.63245553, -0.        ,  0.        , -0.63245553])
	0.69098300562505255: array([-0.4472136 ,  0.19543951, -0.60150096, -0.37174803,  0.51166727])
	0.69098300562505266: array([-0.4472136 ,  0.19543951,  0.60150096,  0.37174803,  0.51166727])
	1.8090169943749475: array([-0.4472136 , -0.51166727, -0.37174803,  0.60150096, -0.19543951])
	1.8090169943749475: array([-0.4472136 , -0.51166727,  0.37174803, -0.60150096, -0.19543951])

	matrix for tree is: 
[1, 0, 0, 0]
[0, 1, 0, 0]
[-1, 0, 2, -1]
[0, -1, 0, 1]

The number of spanning tree of pm is: 2.0

----------------------------------------------------------------------
Adding edge 5->2, together with 4->5
adjacent matrix is: [[0, 1, 1, 0, 0], [1, 0, 0, 1, 1], [1, 0, 0, 0, 1], [0, 1, 0, 0, 1], [0, 1, 1, 1, 0]]
parent matrix is: [[0, 0, 0, 0, 0], [1, 0, 0, 0, 0], [1, 0, 0, 0, 0], [0, 1, 0, 0, 1], [0, 1, 1, 0, 0]]

Laplacian eigenvalue and eigenvector of am is: 

Laplacian matrix is: 
[1, -0.4082482904638631, -0.5, 0, 0]
[-0.4082482904638631, 1, 0, -0.4082482904638631, -0.3333333333333333]
[-0.5, 0, 1, 0, -0.4082482904638631]
[0, -0.4082482904638631, 0, 1, -0.4082482904638631]
[0, -0.3333333333333333, -0.4082482904638631, -0.4082482904638631, 1]
	2.0675350105691487e-16: array([ 0.40824829,  0.54772256,  0.4472136 , -0.18257419, -0.54772256])
	0.66666666666666685: array([ 0.5       , -0.2236068 ,  0.54772256,  0.4472136 ,  0.4472136 ])
	0.99999999999999989: array([ 0.40824829,  0.54772256, -0.4472136 , -0.18257419,  0.54772256])
	1.5000000000000002: array([  4.08248290e-01,  -5.47722558e-01,   1.77599092e-16,
        -7.30296743e-01,  -7.06222190e-17])
	1.8333333333333335: array([ 0.5       , -0.2236068 , -0.54772256,  0.4472136 , -0.4472136 ])

	matrix for tree is: 
[1, 0, 0, 0]
[0, 1, 0, 0]
[-1, 0, 2, -1]
[-1, -1, 0, 2]

The number of spanning tree of pm is: 4.0

----------------------------------------------------------------------
Adding edge 4->3, together with 5->2, 4->5
adjacent matrix is: [[0, 1, 1, 0, 0], [1, 0, 0, 1, 1], [1, 0, 0, 1, 1], [0, 1, 1, 0, 1], [0, 1, 1, 1, 0]]
parent matrix is: [[0, 0, 0, 0, 0], [1, 0, 0, 0, 0], [1, 0, 0, 0, 0], [0, 1, 1, 0, 1], [0, 1, 1, 0, 0]]

Laplacian eigenvalue and eigenvector of am is: 

Laplacian matrix is: 
[1, -0.4082482904638631, -0.4082482904638631, 0, 0]
[-0.4082482904638631, 1, 0, -0.3333333333333333, -0.3333333333333333]
[-0.4082482904638631, 0, 1, -0.3333333333333333, -0.3333333333333333]
[0, -0.3333333333333333, -0.3333333333333333, 1, -0.3333333333333333]
[0, -0.3333333333333333, -0.3333333333333333, -0.3333333333333333, 1]
	5.5511151231257827e-17: array([  3.77964473e-01,   7.61639226e-01,  -6.76882268e-16,
         5.09902483e-17,   5.26354013e-01])
	0.86192881254230158: array([  4.62910050e-01,   1.28794700e-01,   7.07106781e-01,
         3.47054826e-17,  -5.18773757e-01])
	0.99999999999999978: array([  4.62910050e-01,   1.28794700e-01,  -7.07106781e-01,
        -7.63388460e-17,  -5.18773757e-01])
	1.333333333333333: array([  4.62910050e-01,  -4.39732612e-01,   4.71031634e-16,
        -7.07106781e-01,   3.03890631e-01])
	1.804737854124365: array([  4.62910050e-01,  -4.39732612e-01,   5.82053936e-16,
         7.07106781e-01,   3.03890631e-01])

	matrix for tree is: 
[1, 0, 0, 0]
[0, 1, 0, 0]
[-1, -1, 3, -1]
[-1, -1, 0, 2]

The number of spanning tree of pm is: 6.0000000000000009

----------------------------------------------------------------------
Reduce the weight of 2->1 to 0.5
adjacent matrix is: [[0, 0.5, 1, 0, 0], [0.5, 0, 0, 1, 1], [1, 0, 0, 1, 1], [0, 1, 1, 0, 1], [0, 1, 1, 1, 0]]
parent matrix is: [[0, 0, 0, 0, 0], [0.5, 0, 0, 0, 0], [1, 0, 0, 0, 0], [0, 1, 1, 0, 1], [0, 1, 1, 0, 0]]

Laplacian eigenvalue and eigenvector of am is: 

Laplacian matrix is: 
[1, -0.2581988897471611, -0.47140452079103173, 0, 0]
[-0.2581988897471611, 1, 0, -0.3651483716701107, -0.3651483716701107]
[-0.47140452079103173, 0, 1, -0.3333333333333333, -0.3333333333333333]
[0, -0.3651483716701107, -0.3333333333333333, 1, -0.3333333333333333]
[0, -0.3651483716701107, -0.3333333333333333, -0.3333333333333333, 1]
	3.6280115196796192e-17: array([ 0.33968311,  0.67565558,  0.42500133,  0.        ,  0.4974724 ])
	0.79171540994702727: array([  4.38529010e-01,  -3.19093153e-01,   7.00230599e-01,
        -6.88695271e-17,  -4.64272522e-01])
	1.0906944686960525: array([  4.80384461e-01,   4.73305057e-01,  -4.65298960e-01,
         3.77213935e-17,  -5.73332338e-01])
	1.3333333333333333: array([ 0.48038446, -0.32988742, -0.23722126, -0.70710678,  0.32269356])
	1.7842567880235864: array([ 0.48038446, -0.32988742, -0.23722126,  0.70710678,  0.32269356])

	matrix for tree is: 
[0.5, 0, 0, 0]
[0, 1, 0, 0]
[-1, -1, 3, -1]
[-1, -1, 0, 2]

The number of spanning tree of pm is: 3.0000000000000004

----------------------------------------------------------------------
Reduce the weight of 4->5 to 0.5
adjacent matrix is: [[0, 1, 1, 0, 0], [1, 0, 0, 1, 1], [1, 0, 0, 1, 1], [0, 1, 1, 0, 0.5], [0, 1, 1, 0.5, 0]]
parent matrix is: [[0, 0, 0, 0, 0], [1, 0, 0, 0, 0], [1, 0, 0, 0, 0], [0, 1, 1, 0, 0.5], [0, 1, 1, 0, 0]]

Laplacian eigenvalue and eigenvector of am is: 

Laplacian matrix is: 
[1, -0.4082482904638631, -0.4082482904638631, 0, 0]
[-0.4082482904638631, 1, 0, -0.3651483716701107, -0.3651483716701107]
[-0.4082482904638631, 0, 1, -0.3651483716701107, -0.3651483716701107]
[0, -0.3651483716701107, -0.3651483716701107, 1, -0.2]
[0, -0.3651483716701107, -0.3651483716701107, -0.2, 1]
	-1.2280660877584574e-34: array([  3.92232270e-01,   7.85469196e-01,  -1.19235582e-15,
         1.47769890e-16,   4.78740001e-01])
	0.92390477143047667: array([  4.80384461e-01,   7.32035619e-02,   7.07106781e-01,
        -2.02726814e-16,  -5.13684736e-01])
	1.0: array([  4.80384461e-01,   7.32035619e-02,  -7.07106781e-01,
         1.30334648e-16,  -5.13684736e-01])
	1.2000000000000002: array([  4.38529010e-01,  -4.31462988e-01,   6.74048491e-16,
        -7.07106781e-01,   3.48614397e-01])
	1.8760952285695234: array([  4.38529010e-01,  -4.31462988e-01,   8.96093096e-16,
         7.07106781e-01,   3.48614397e-01])

	matrix for tree is: 
[1, 0, 0, 0]
[0, 1, 0, 0]
[-1, -1, 2.5, -0.5]
[-1, -1, 0, 2]

The number of spanning tree of pm is: 5.0000000000000009

----------------------------------------------------------------------
Reduce the weight of 5->2 to 0.5
adjacent matrix is: [[0, 1, 1, 0, 0], [1, 0, 0, 1, 0.5], [1, 0, 0, 1, 1], [0, 1, 1, 0, 1], [0, 0.5, 1, 1, 0]]
parent matrix is: [[0, 0, 0, 0, 0], [1, 0, 0, 0, 0], [1, 0, 0, 0, 0], [0, 1, 1, 0, 1], [0, 0.5, 1, 0, 0]]

Laplacian eigenvalue and eigenvector of am is: 

Laplacian matrix is: 
[1, -0.4472135954999579, -0.4082482904638631, 0, 0]
[-0.4472135954999579, 1, 0, -0.3651483716701107, -0.2]
[-0.4082482904638631, 0, 1, -0.3333333333333333, -0.3651483716701107]
[0, -0.3651483716701107, -0.3333333333333333, 1, -0.3651483716701107]
[0, -0.2, -0.3651483716701107, -0.3651483716701107, 1]
	-1.4647041954687131e-16: array([-0.39223227, -0.68335498,  0.27216553,  0.06938678,  0.54798833])
	0.8075300096720901: array([-0.43852901, -0.39016626, -0.60858062,  0.13838679, -0.51569499])
	0.99999999999999933: array([-0.48038446,  0.10523579,  0.66666667, -0.21737864, -0.51619597])
	1.3870478547102365: array([-0.48038446,  0.36485744, -0.33333333, -0.63076176,  0.35656458])
	1.8054221356176734: array([ -4.38529010e-01,   4.86416212e-01,  -3.14201790e-16,
         7.28643050e-01,   2.00426748e-01])

	matrix for tree is: 
[1, 0, 0, 0]
[0, 1, 0, 0]
[-1, -1, 3, -1]
[-0.5, -1, 0, 1.5]

The number of spanning tree of pm is: 4.5

----------------------------------------------------------------------
Add a node 6->5 to the matrix
adjacent matrix is: [[0, 1, 1, 0, 0, 0], [1, 0, 0, 1, 1, 0], [1, 0, 0, 1, 1, 0], [0, 1, 1, 0, 1, 0], [0, 1, 1, 1, 0, 1], [0, 0, 0, 0, 1, 0]]
parent matrix is: [[0, 0, 0, 0, 0, 0], [1, 0, 0, 0, 0, 0], [1, 0, 0, 0, 0, 0], [0, 1, 1, 0, 1, 0], [0, 1, 1, 0, 0, 0], [0, 0, 0, 0, 1, 0]]

Laplacian eigenvalue and eigenvector of am is: 

Laplacian matrix is: 
[1, -0.4082482904638631, -0.4082482904638631, 0, 0, 0]
[-0.4082482904638631, 1, 0, -0.3333333333333333, -0.2886751345948129, 0]
[-0.4082482904638631, 0, 1, -0.3333333333333333, -0.2886751345948129, 0]
[0, -0.3333333333333333, -0.3333333333333333, 1, -0.2886751345948129, 0]
[0, -0.2886751345948129, -0.2886751345948129, -0.2886751345948129, 1, -0.5]
[0, 0, 0, 0, -0.5, 1]
	-3.0466318887118178e-17: array([  3.53553391e-01,   5.07123080e-01,  -5.77350269e-01,
         1.59211036e-05,   2.20661940e-01,  -4.85593613e-01])
	0.63030221626746363: array([  4.33012702e-01,   2.29617959e-01,  -1.94992900e-05,
        -7.07106781e-01,  -1.48624889e-01,   4.87530753e-01])
	0.99999999999999989: array([  4.33012702e-01,   2.29617959e-01,   1.94992900e-05,
         7.07106781e-01,  -1.48624889e-01,   4.87530753e-01])
	1.0: array([  4.33012702e-01,   4.40034005e-02,   7.07106781e-01,
        -1.94992900e-05,   4.95971614e-01,  -2.54117806e-01])
	1.5499440171703347: array([  5.00000000e-01,  -4.73926098e-01,  -3.33663219e-17,
         1.30646362e-17,  -6.01622175e-01,  -4.04283084e-01])
	1.8197537665622014: array([  2.50000000e-01,  -6.40964212e-01,  -4.08248290e-01,
         1.12579203e-05,   5.46984926e-01,   2.46588122e-01])

	matrix for tree is: 
[1, 0, 0, 0, 0]
[0, 1, 0, 0, 0]
[-1, -1, 3, -1, 0]
[-1, -1, 0, 2, 0]
[0, 0, 0, -1, 1]

The number of spanning tree of pm is: 6.0000000000000009
